41,36
41,35
27,4
27,1
27,3
14,4
3,2
3,1
3,3
10,254
10,224
10,178
10,276
10,150
10,248
10,106
10,236
10,2
10,3
11,14
11,6
11,4
11,8
11,18
11,2
11,3
9,7
9,4
9,6
9,2
9,3
8,6
8,9
8,16
8,11
8,12
8,17
8,2
8,3
0,318
12,2
12,1
12,3
38,7
38,6
38,5
38,4
38,3
38,2
38,1
37,5
37,4
37,3
37,2
37,1
36,191
36,190
36,189
36,188
36,187
36,186
36,185
36,184
36,183
36,182
36,181
36,180
36,179
36,178
36,177
36,176
36,175
36,174
36,173
36,172
36,171
36,170
36,169
36,168
36,167
36,166
36,165
36,164
36,163
36,162
36,161
36,160
36,159
36,158
36,157
36,156
36,155
36,154
36,153
36,152
36,151
36,150
36,149
36,148
36,147
36,146
36,145
36,144
36,143
36,142
36,141
36,140
36,139
36,138
36,137
36,136
36,135
36,134
36,133
36,132
36,131
36,95
20,2
20,1
36,65
36,10
36,9
36,5
36,4
36,3
36,2
20,3
36,1
36,0
34,5
34,4
34,3
34,1
33,3
